  0.076
  0.289
  0.571
  0.899
  1.292
  1.745
  2.255
  2.833
  3.475
  4.180
  4.949
  5.770
  6.667
  7.641
  8.678
  9.231
  8.217
  6.896
  5.936
  5.154
  4.416
  3.636
  2.726
  1.577
  0.071
 -1.974
 -4.779
 -8.590
-13.736
-20.446
-28.859
-33.959
-30.456
-23.207
-15.731
 -8.029
 -0.062
  8.129
 16.551
 25.238
 34.175
 43.384
 52.871
 62.602
 72.584
 82.819
 93.290
 98.647
 93.202
 82.295
 71.414
 60.545
 49.653
 38.772
 27.881
 16.999
  6.097
 -4.769
-15.645
-26.527
-37.413
-48.284
-59.152
-64.581
-64.662
-64.885
-65.155
-65.482
-65.867
-66.310
-66.816
-67.377
-68.010
-68.693
-69.444
-70.263
-71.148
-72.108
-73.129
-73.674
-72.525
-71.104
-70.085
-69.252
-68.495
-67.695
-66.763
-65.606
-64.089
-62.030
-59.231
-55.433
-50.248
-43.471
-34.997
-29.839
-33.338
-40.565
-48.031
-55.704
-63.621
-71.760
-80.138
-88.779
-97.681
-106.827
-116.242
-125.899
-135.837
-146.030
-156.463
-161.795
-157.669
-149.432
-141.180
-132.921
-124.678
-116.427
-108.184
-99.937
-91.701
-83.456
-75.217
-66.976
-58.742
-50.499
-42.237
-38.105
