 -0.299
 -0.818
 -1.261
 -1.626
 -1.930
 -2.154
 -2.325
 -2.427
 -2.472
 -2.459
 -2.403
 -2.299
 -2.151
 -1.966
 -1.743
 -1.610
  1.612
  6.207
  9.348
 11.283
 12.196
 12.323
 11.815
 10.898
  9.713
  8.143
  6.148
  3.547
  0.149
 -4.067
 -9.133
-12.054
 -9.246
 -3.620
  2.012
  7.651
 13.299
 18.957
 24.621
 30.292
 35.973
 41.657
 47.354
 53.058
 58.771
 64.488
 70.215
 73.083
 70.193
 64.411
 58.579
 52.864
 47.035
 41.251
 35.455
 29.766
 24.034
 18.260
 12.540
  6.810
  1.040
 -4.684
-10.438
-13.336
-13.052
-12.562
-12.142
-11.800
-11.526
-11.329
-11.186
-11.101
-11.076
-11.106
-11.178
-11.309
-11.479
-11.686
-11.934
-12.074
-15.280
-19.832
-22.922
-24.792
-25.695
-25.817
-25.356
-24.477
-23.197
-21.570
-19.507
-16.763
-13.225
 -8.831
 -3.608
 -0.574
 -3.378
 -8.993
-14.615
-20.243
-25.879
-31.523
-37.175
-42.832
-48.498
-54.172
-59.850
-65.537
-71.228
-76.932
-82.642
-85.500
-82.942
-77.823
-72.695
-67.566
-62.439
-57.324
-52.192
-47.057
-41.915
-36.814
-31.694
-26.577
-21.451
-16.347
-11.223
 -8.663
