 -3.174
 -9.468
-15.706
-21.893
-28.024
-34.099
-40.123
-46.086
-52.005
-57.878
-63.687
-69.444
-75.148
-80.812
-86.411
-89.182
-89.304
-89.196
-89.019
-88.919
-88.943
-89.153
-89.639
-90.461
-91.668
-93.425
-95.806
-98.919
-102.894
-107.722
-113.175
-115.593
-113.033
-107.845
-102.589
-97.265
-91.870
-86.405
-80.868
-75.258
-69.580
-63.832
-58.018
-52.132
-46.178
-40.157
-34.065
-30.980
-30.929
-30.834
-30.733
-30.631
-30.531
-30.433
-30.333
-30.244
-30.151
-30.056
-29.952
-29.847
-29.748
-29.653
-29.559
-29.534
-26.248
-19.733
-13.274
 -6.865
 -0.521
  5.762
 12.014
 18.194
 24.325
 30.403
 36.419
 42.392
 48.309
 54.167
 59.969
 62.845
 63.231
 63.673
 64.098
 64.655
 65.371
 66.320
 67.522
 68.989
 70.802
 72.998
 75.666
 78.892
 82.745
 87.263
 92.104
 93.879
 91.199
 85.752
 80.226
 74.613
 68.913
 63.142
 57.307
 51.390
 45.395
 39.342
 33.210
 26.999
 20.728
 14.393
  7.979
  4.736
  4.692
  4.617
  4.539
  4.466
  4.385
  4.308
  4.223
  4.139
  4.061
  3.981
  3.913
  3.829
  3.752
  3.683
  3.614
  3.577
