  0.103
  0.315
  0.532
  0.753
  0.975
  1.203
  1.436
  1.670
  1.912
  2.158
  2.409
  2.660
  2.918
  3.179
  3.443
  3.577
  4.174
  5.261
  6.218
  7.011
  7.627
  8.053
  8.269
  8.262
  8.048
  7.628
  7.054
  6.380
  5.640
  4.875
  4.101
  3.703
  6.027
 10.782
 15.629
 20.596
 25.675
 30.870
 36.178
 41.599
 47.123
 52.755
 58.500
 64.337
 70.275
 76.306
 82.428
 85.537
 82.662
 76.900
 71.144
 65.392
 59.634
 53.877
 48.124
 42.364
 36.617
 30.867
 25.127
 19.396
 13.668
  7.954
  2.249
 -0.583
 -0.692
 -0.913
 -1.139
 -1.368
 -1.601
 -1.839
 -2.081
 -2.326
 -2.574
 -2.828
 -3.085
 -3.346
 -3.609
 -3.875
 -4.148
 -4.287
 -4.883
 -5.987
 -6.968
 -7.811
 -8.490
 -8.999
 -9.314
 -9.431
 -9.357
 -9.096
 -8.690
 -8.174
 -7.577
 -6.896
 -6.183
 -5.788
 -8.047
-12.619
-17.233
-21.908
-26.637
-31.415
-36.250
-41.152
-46.108
-51.132
-56.228
-61.381
-66.603
-71.898
-77.270
-79.994
-77.484
-72.450
-67.426
-62.401
-57.361
-52.336
-47.327
-42.299
-37.262
-32.232
-27.187
-22.151
-17.116
-12.069
 -7.009
 -4.452
