  0.078
  0.234
  0.391
  0.547
  0.704
  0.861
  1.018
  1.175
  1.333
  1.490
  1.647
  1.805
  1.963
  2.121
  2.279
  2.358
  2.858
  3.781
  4.615
  5.341
  5.938
  6.365
  6.663
  6.837
  6.907
  6.943
  6.963
  7.019
  7.145
  7.448
  8.119
  8.906
 10.901
 14.898
 18.897
 22.900
 26.909
 30.919
 34.934
 38.954
 42.976
 47.004
 51.034
 55.071
 59.111
 63.158
 67.205
 69.230
 67.108
 62.867
 58.627
 54.385
 50.141
 45.900
 41.657
 37.417
 33.174
 28.930
 24.690
 20.447
 16.202
 11.958
  7.713
  5.587
  5.509
  5.352
  5.195
  5.038
  4.880
  4.723
  4.565
  4.408
  4.250
  4.093
  3.935
  3.777
  3.618
  3.460
  3.301
  3.222
  2.833
  2.164
  1.594
  1.148
  0.828
  0.621
  0.528
  0.526
  0.596
  0.704
  0.803
  0.868
  0.824
  0.591
 -0.044
 -0.862
 -2.882
 -6.922
-10.965
-15.012
-19.062
-23.121
-27.181
-31.244
-35.309
-39.381
-43.459
-47.535
-51.614
-55.698
-59.789
-61.835
-59.770
-55.639
-51.506
-47.376
-43.243
-39.112
-34.980
-30.850
-26.720
-22.588
-18.457
-14.327
-10.196
 -6.065
 -1.933
  0.133
