 -3.106
 -9.299
-15.484
-21.649
-27.795
-33.923
-40.031
-46.127
-52.211
-58.268
-64.317
-70.341
-76.358
-82.356
-88.341
-91.326
-88.349
-83.406
-79.369
-76.176
-73.514
-71.308
-69.811
-69.169
-69.294
-70.071
-71.637
-74.064
-77.448
-81.963
-87.814
-91.569
-91.498
-91.326
-91.107
-90.845
-90.550
-90.214
-89.825
-89.420
-88.960
-88.453
-87.910
-87.322
-86.682
-85.988
-85.223
-84.824
-81.961
-76.232
-70.514
-64.792
-59.065
-53.351
-47.633
-41.912
-36.196
-30.481
-24.771
-19.072
-13.371
 -7.668
 -1.993
  0.836
  3.918
 10.072
 16.212
 22.332
 28.442
 34.535
 40.615
 46.680
 52.731
 58.767
 64.788
 70.795
 76.790
 82.763
 88.725
 91.698
 88.277
 82.595
 78.161
 75.209
 73.831
 73.468
 73.269
 73.294
 73.874
 75.254
 77.444
 80.395
 83.916
 88.338
 93.946
 97.582
 97.632
 97.697
 97.729
 97.727
 97.687
 97.622
 97.520
 97.376
 97.208
 97.011
 96.781
 96.514
 96.212
 95.883
 95.524
 95.334
 92.681
 87.310
 81.893
 76.519
 71.152
 65.820
 60.520
 55.197
 49.819
 44.466
 39.082
 33.740
 28.476
 23.171
 17.916
 15.412
