 -1.690
 -5.028
 -8.330
-11.590
-14.810
-17.992
-21.137
-24.236
-27.292
-30.310
-33.297
-36.232
-39.135
-41.998
-44.820
-46.208
-45.183
-43.517
-42.159
-41.112
-40.340
-39.816
-39.541
-39.475
-39.576
-39.770
-40.013
-40.267
-40.417
-40.341
-39.799
-39.027
-40.863
-44.460
-47.984
-51.450
-54.850
-58.181
-61.453
-64.659
-67.803
-70.887
-73.902
-76.863
-79.754
-82.585
-85.349
-86.704
-83.667
-77.593
-71.520
-65.452
-59.380
-53.299
-47.225
-41.150
-35.075
-29.002
-22.925
-16.847
-10.777
 -4.700
  1.380
  4.421
  6.057
  9.299
 12.503
 15.667
 18.796
 21.883
 24.935
 27.947
 30.923
 33.862
 36.764
 39.624
 42.448
 45.232
 47.985
 49.344
 48.271
 46.477
 44.991
 43.785
 42.875
 42.217
 41.833
 41.662
 41.672
 41.824
 42.050
 42.296
 42.462
 42.435
 42.039
 41.383
 43.221
 46.822
 50.361
 53.833
 57.244
 60.604
 63.891
 67.119
 70.289
 73.405
 76.456
 79.440
 82.358
 85.229
 88.035
 89.406
 86.358
 80.270
 74.181
 68.093
 62.003
 55.909
 49.817
 43.725
 37.633
 31.539
 25.447
 19.352
 13.260
  7.163
  1.070
 -1.977
